Archive : examples/bernoulli/libbernoulli.dylib
Table of contents from: examples/bernoulli/libbernoulli.dylib(__.SYMDEF SORTED)
size of ranlib structures: 7432 (number 929)
object offset  string index
106112         0
106112         86
106112         178
106112         272
106112         371
106112         477
106112         584
106112         668
106112         760
106112         856
106112         1061
106112         1266
106112         1473
106112         1662
106112         1851
106112         2041
106112         2203
106112         2268
106112         2333
106112         2398
106112         2463
106112         2655
106112         2847
106112         3039
106112         3231
106112         3314
106112         3419
106112         3528
106112         3610
106112         3690
106112         3770
106112         3846
106112         3922
106112         4002
106112         4078
106112         4154
106112         4234
106112         4481
106112         4730
106112         4979
106112         5226
106112         5475
106112         5724
106112         5802
106112         5880
106112         6095
106112         6310
106112         6525
106112         6740
106112         6955
106112         7170
106112         7385
106112         7600
106112         7815
106112         8030
106112         8246
106112         8462
106112         8678
106112         8878
106112         9080
106112         9282
106112         9484
106112         9686
106112         9886
106112         10088
106112         10290
106112         10492
106112         10694
106112         10894
106112         10943
106112         10992
106112         11041
106112         11090
106112         11139
106112         11188
106112         11237
106112         11286
106112         11335
106112         11384
106112         11433
106112         11482
106112         11531
106112         11580
106112         11629
106112         11678
106112         11727
106112         11776
106112         11826
106112         11876
106112         11926
106112         11976
106112         12025
106112         12074
106112         12123
106112         12172
106112         12221
106112         12270
106112         12319
106112         12368
106112         12417
106112         12466
106112         12516
106112         12566
106112         12616
106112         12666
106112         12847
106112         13028
106112         13209
106112         13390
106112         13571
106112         13752
106112         13933
106112         14114
106112         14295
106112         14476
106112         14657
106112         14838
106112         15019
106112         15200
106112         15381
106112         15562
106112         15743
106112         15924
106112         16105
106112         16286
106112         16467
106112         16648
106112         16829
106112         17010
106112         17191
106112         17373
106112         17555
106112         17737
106112         17919
106112         18101
106112         18283
106112         18464
106112         18645
106112         18826
106112         19007
106112         19188
106112         19369
106112         19550
106112         19731
106112         19912
106112         20093
106112         20275
106112         20457
106112         20639
106112         20821
106112         21022
106112         21223
106112         21293
106112         21368
106112         21443
106112         21525
106112         21650
106112         21782
106112         21917
106112         21965
106112         22087
106112         22141
106112         22195
106112         22320
106112         22377
106112         22434
106112         22553
106112         22604
106112         22655
106112         22775
106112         22827
106112         22879
106112         22999
106112         23051
106112         23103
106112         23170
106112         23257
106112         23324
106112         23416
106112         23466
106112         23498
106112         23530
106112         23562
106112         23612
106112         23665
106112         23723
106112         23773
106112         23817
106112         23858
106112         23913
106112         23952
106112         23991
106112         24026
106112         24061
106112         24142
106112         24238
106112         24297
106112         24351
106112         24405
106112         24471
106112         24576
106112         24664
106112         24748
106112         24838
106112         24930
106112         25027
106112         25131
106112         25236
106112         25318
106112         25363
106112         25404
106112         25445
106112         25551
106112         25601
106112         25732
106112         25778
106112         25824
106112         25875
106112         25988
106112         26035
106112         26082
106112         26149
106112         26170
106112         26202
106112         26307
106112         26335
106112         26359
106112         26383
106112         26474
106112         26535
106112         26559
106112         26584
106112         26610
106112         26636
106112         26663
106112         26721
106112         26794
106112         26867
106112         26944
106112         27047
106112         27178
106112         27283
106112         27363
106112         27435
106112         27507
106112         27575
106112         27643
106112         27896
106112         28128
106112         28174
106112         28217
106112         28327
106112         28492
106112         28550
106112         28641
106112         28758
106112         28850
106112         28957
106112         29033
106112         29136
106112         29166
106112         29262
106112         29319
106112         29377
106112         29439
106112         29500
106112         29563
106112         29615
106112         29669
106112         29714
106112         29759
106112         29804
106112         29849
106112         29917
106112         30000
106112         30064
106112         30128
106112         30200
106112         30287
106112         30355
106112         30423
106112         30523
106112         30638
106112         30734
106112         30830
106112         30931
106112         31047
106112         31144
106112         31241
106112         31346
106112         31466
106112         31567
106112         31668
106112         31772
106112         31891
106112         31991
106112         32091
106112         32197
106112         32318
106112         32420
106112         32522
106112         32616
106112         32725
106112         32815
106112         32905
106112         33000
106112         33110
106112         33201
106112         33292
106112         33389
106112         33501
106112         33594
106112         33687
106112         33736
106112         33785
106112         33862
106112         33939
106112         34016
106112         34094
106112         34172
106112         34254
106112         34336
106112         34417
106112         34498
106112         34581
106112         34664
106112         34735
106112         34806
106112         34878
106112         34950
106112         35024
106112         35098
106112         35196
106112         35298
106112         35388
106112         35482
106112         35514
106112         35546
106112         35579
106112         35612
106112         35649
106112         35686
106112         35798
106112         35912
106112         36002
106112         36093
106112         36184
106112         36267
106112         36350
106112         36471
106112         36558
106112         36645
106112         36782
106112         36924
106112         37066
106112         37166
106112         37308
106112         37450
106112         37550
106112         37724
106112         37880
106112         38094
106112         38228
106112         38264
106112         38300
106112         38338
106112         38376
106112         38507
106112         38605
106112         38815
106112         39016
106112         39217
106112         39444
106112         39500
106112         39712
106112         39782
106112         39852
106112         40055
106112         40263
106112         40466
106112         40674
106112         40915
106112         41077
106112         41282
106112         41513
106112         41700
106112         41887
106112         42095
106112         42282
106112         42490
106112         42678
106112         42870
106112         43030
106112         43225
106112         43417
106112         43480
106112         43543
106112         43606
106112         43669
106112         43859
106112         44049
106112         44239
106112         44429
106112         44620
106112         44845
106112         45054
106112         45285
106112         45479
106112         45607
106112         45815
106112         45857
106112         45899
106112         45941
106112         45983
106112         46157
106112         46331
106112         46505
106112         46679
106112         46874
106112         47080
106112         47266
106112         47443
106112         47524
106112         47600
106112         47783
106112         47968
106112         48106
106112         48288
106112         48423
106112         48569
106112         48762
106112         48908
106112         49101
106112         49247
106112         49436
106112         49518
106112         49600
106112         49684
106112         49761
106112         49835
106112         49909
106112         50024
106112         50143
106112         50261
106112         50379
106112         50508
106112         50637
106112         50766
106112         50893
106112         50938
106112         51058
106112         51173
106112         51275
106112         51371
106112         51467
106112         51591
106112         51710
106112         51816
106112         51916
106112         52016
106112         52201
106112         52381
106112         52548
106112         52709
106112         52870
106112         52973
106112         53073
106112         53131
106112         53192
106112         53247
106112         53303
106112         53359
106112         53494
106112         53571
106112         53640
106112         53711
106112         53784
106112         53859
106112         53960
106112         54063
106112         54165
106112         54269
106112         54375
106112         54483
106112         54588
106112         54695
106112         54802
106112         54911
106112         55006
106112         55103
106112         55199
106112         55297
106112         55395
106112         55495
106112         55531
106112         55568
106112         55609
106112         55724
106112         55799
106112         56035
106112         56148
106112         56263
106112         56365
106112         56465
106112         56567
106112         56646
106112         56726
106112         56806
106112         56878
106112         56950
106112         57078
106112         57194
106112         57269
106112         57344
106112         57420
106112         57496
106112         57593
106112         57708
106112         57868
106112         57983
106112         58098
106112         58215
106112         58288
106112         58379
106112         58440
106112         58515
106112         58675
106112         58723
106112         58771
106112         58841
106112         58883
106112         58973
106112         59087
106112         59188
106112         59290
106112         59392
106112         59494
106112         59547
106112         59603
106112         59653
106112         59704
106112         59755
106112         59785
106112         59815
106112         59845
106112         59876
106112         59910
106112         59950
106112         59995
106112         60041
106112         60064
106112         60092
106112         60220
106112         60264
106112         60308
106112         60371
106112         60438
106112         60533
106112         60629
106112         60729
106112         60828
106112         60929
106112         61018
106112         61108
106112         61200
106112         61248
106112         61324
106112         61401
106112         61482
106112         61562
106112         61644
106112         61714
106112         61785
106112         61858
106112         61889
106112         61920
106112         61952
106112         61988
106112         62070
106112         62156
106112         62191
106112         62228
106112         62266
106112         62361
106112         62460
106112         62620
106112         62644
106112         62715
106112         62789
106112         62864
106112         62917
106112         62973
106112         63023
106112         63074
106112         63125
106112         63155
106112         63185
106112         63215
106112         63246
106112         63280
106112         63320
106112         63365
106112         63411
106112         63434
106112         63462
106112         63590
106112         63634
106112         63678
106112         63741
106112         63808
106112         63903
106112         63999
106112         64099
106112         64198
106112         64299
106112         64388
106112         64478
106112         64570
106112         64618
106112         64694
106112         64771
106112         64852
106112         64932
106112         65014
106112         65084
106112         65155
106112         65228
106112         65259
106112         65290
106112         65322
106112         65358
106112         65440
106112         65532
106112         65618
106112         65653
106112         65690
106112         65728
106112         65823
106112         65922
106112         66082
106112         66106
106112         66177
106112         66251
106112         66326
106112         66412
106112         66486
106112         66561
106112         66614
106112         66670
106112         66720
106112         66771
106112         66822
106112         66856
106112         66896
106112         66941
106112         66987
106112         67010
106112         67054
106112         67098
106112         67161
106112         67228
106112         67323
106112         67419
106112         67519
106112         67618
106112         67719
106112         67808
106112         67898
106112         67990
106112         68038
106112         68114
106112         68191
106112         68272
106112         68352
106112         68434
106112         68504
106112         68575
106112         68648
106112         68679
106112         68711
106112         68747
106112         68829
106112         68915
106112         68950
106112         68987
106112         69082
106112         69181
106112         69341
106112         69365
106112         69436
106112         69510
106112         69585
106112         69691
106112         69797
106112         69905
106112         70013
106112         70109
106112         70205
106112         70302
106112         70399
106112         70498
106112         70597
106112         70684
106112         70771
106112         70860
106112         70949
106112         71026
106112         71103
106112         71181
106112         71259
106112         71339
106112         71419
106112         71500
106112         71581
106112         71683
106112         71785
106112         71888
106112         71991
106112         72098
106112         72205
106112         72288
106112         72371
106112         72455
106112         72539
106112         72627
106112         72715
106112         72766
106112         72817
106112         72887
106112         72957
106112         73031
106112         73105
106112         73160
106112         73215
106112         73310
106112         73405
106112         73482
106112         73563
106112         73672
106112         73782
106112         73896
106112         74009
106112         74124
106112         74227
106112         74331
106112         74437
106112         74520
106112         74603
106112         74687
106112         74771
106112         74850
106112         74933
106112         75044
106112         75156
106112         75272
106112         75387
106112         75504
106112         75609
106112         75715
106112         75823
106112         75895
106112         75967
106112         76043
106112         76119
106112         76223
106112         76327
106112         76432
106112         76537
106112         76646
106112         76755
106112         76863
106112         76971
106112         77081
106112         77191
106112         77289
106112         77387
106112         77486
106112         77585
106112         77686
106112         77787
106112         77863
106112         77939
106112         78042
106112         78149
106112         78207
106112         78349
106112         78570
106112         78650
106112         78728
106112         78806
106112         78880
106112         78954
106112         79032
106112         79106
106112         79180
106112         79258
106112         79503
106112         79750
106112         79997
106112         80242
106112         80489
106112         80736
106112         80905
106112         80981
106112         81057
106112         81270
106112         81483
106112         81696
106112         81909
106112         82122
106112         82335
106112         82548
106112         82761
106112         82974
106112         83187
106112         83401
106112         83615
106112         83829
106112         84035
106112         84238
106112         84302
106112         84383
106112         84581
106112         84781
106112         84981
106112         85181
106112         85381
106112         85579
106112         85779
106112         85979
106112         86179
106112         86379
106112         86577
106112         86624
106112         86671
106112         86718
106112         86765
106112         86812
106112         86859
106112         86906
106112         86953
106112         87000
106112         87047
106112         87094
106112         87141
106112         87188
106112         87235
106112         87282
106112         87329
106112         87376
106112         87423
106112         87471
106112         87519
106112         87567
106112         87615
106112         87662
106112         87709
106112         87756
106112         87803
106112         87850
106112         87897
106112         87944
106112         87991
106112         88038
106112         88085
106112         88133
106112         88181
106112         88229
106112         88277
106112         88456
106112         88635
106112         88814
106112         88993
106112         89172
106112         89351
106112         89536
106112         89715
106112         89894
106112         90073
106112         90252
106112         90431
106112         90610
106112         90795
106112         90974
106112         91153
106112         91332
106112         91511
106112         91690
106112         91869
106112         92048
106112         92227
106112         92406
106112         92585
106112         92764
106112         92943
106112         93122
106112         93302
106112         93482
106112         93662
106112         93842
106112         94022
106112         94202
106112         94387
106112         94566
106112         94745
106112         94924
106112         95103
106112         95282
106112         95461
106112         95640
106112         95819
106112         95998
106112         96177
106112         96357
106112         96537
106112         96717
106112         96897
106112         97096
106112         97295
106112         97512
106112         97709
106112         97897
106112         97965
106112         98035
106112         98108
106112         98181
106112         98261
106112         98343
106112         98556
